14.784285545349121 37.24
15.382856369018555 38.0
16.1200008392334 38.79
16.9471435546875 39.8
17.724287033081055 40.82
18.981428146362305 42.57
20.234285354614258 44.43
21.66143035888672 46.29
23.277141571044922 48.2
25.26999855041504 50.75
27.605712890625 53.64
30.162857055664062 57.13
32.9514274597168 60.65
35.811424255371094 63.84
38.60429000854492 66.82
41.75 69.96
45.09428405761719 73.25
48.42857360839844 75.84
51.80428695678711 78.75
54.83428192138672 81.12
57.835716247558594 83.06
60.83000183105469 85.25
63.42714309692383 86.67
65.96857452392578 88.15
67.95713806152344 89.15
70.04285430908203 90.2
71.6914291381836 91.01
73.31285858154297 91.58
74.79143524169922 92.21
76.19999694824219 92.75
77.38285827636719 93.05
78.5 93.3
79.76571655273438 93.56
80.7557144165039 93.75
81.79428100585938 94.09
82.53857421875 94.2
83.38285827636719 94.34
84.24856567382812 94.43
84.94999694824219 94.54
